1	97
1	133
1	341
2	19
2	82
2	308
3	34
3	35
3	226
4	9
4	233
4	292
5	11
5	429
5	471
6	41
6	53
6	238
7	172
7	280
7	471
8	447
8	452
8	498
9	4
9	233
9	292
10	51
10	122
10	212
11	5
11	444
11	471
12	98
12	274
12	437
13	115
13	126
13	188
14	88
14	335
14	350
15	131
15	218
15	478
16	410
16	455
17	163
17	206
17	215
18	379
18	392
18	431
19	2
19	82
19	308
20	130
20	183
20	512
21	123
21	165
21	175
22	459
22	468
22	486
23	63
23	263
23	350
24	28
24	143
24	368
25	49
25	57
25	237
26	234
26	322
27	400
27	456
27	482
28	24
28	164
28	368
29	186
29	229
29	239
30	93
30	194
30	245
31	59
31	161
31	178
32	78
32	158
32	166
33	91
33	439
33	462
34	3
34	35
34	50
35	3
35	34
35	50
36	351
36	377
36	496
37	134
37	374
37	445
38	110
38	374
38	445
39	382
39	479
39	511
40	136
40	230
40	316
41	6
41	238
41	278
42	324
42	357
42	492
43	61
43	232
43	236
44	275
44	342
44	355
45	214
45	423
45	473
46	267
46	322
46	331
47	107
47	313
47	346
48	454
48	474
48	511
49	25
49	237
49	332
50	34
50	35
50	404
51	10
51	122
51	212
52	329
52	331
52	383
53	6
53	238
53	469
54	343
54	443
54	478
55	480
55	481
55	502
56	77
56	86
56	160
57	25
57	237
57	411
58	274
58	311
58	490
59	31
59	161
59	393
60	367
60	406
60	425
61	43
61	236
61	424
62	216
62	296
62	315
63	23
63	169
63	222
64	361
64	369
64	475
65	151
65	181
65	293
66	398
66	483
66	503
67	433
67	434
67	461
68	226
68	267
68	431
69	267
69	431
69	444
70	174
70	192
70	260
71	84
71	244
71	325
72	354
72	417
72	458
73	292
73	430
73	476
74	76
74	196
74	290
75	307
75	487
75	504
76	74
76	150
76	290
77	56
77	86
77	297
78	32
78	158
79	225
79	335
79	468
80	100
80	441
80	507
81	131
81	382
81	478
82	2
82	19
82	308
83	129
83	156
83	401
84	71
84	203
84	244
85	147
85	242
85	340
86	56
86	77
86	160
87	356
87	432
87	460
88	14
88	225
88	350
89	252
89	273
89	376
90	258
90	419
90	438
91	33
91	463
91	508
92	353
92	418
92	423
93	30
93	194
93	245
94	257
94	454
94	474
95	277
95	323
95	443
96	262
96	264
96	510
97	1
97	133
97	341
98	12
98	159
98	490
99	178
99	387
99	512
100	80
100	124
100	182
101	153
101	372
101	383
102	361
102	369
102	475
103	269
103	330
103	334
104	358
104	363
104	502
105	199
105	379
105	392
106	256
106	381
106	449
107	47
107	313
107	346
108	248
108	357
108	396
109	116
109	329
109	331
110	38
110	374
110	445
111	281
111	304
111	391
112	403
112	435
112	494
113	257
113	454
113	474
114	245
114	369
114	475
115	13
115	126
115	188
116	109
116	142
116	144
117	278
117	430
117	476
118	174
118	192
118	459
119	155
119	259
119	270
120	139
120	440
120	470
121	124
121	182
121	315
122	10
122	51
122	212
123	21
123	165
123	175
124	100
124	121
124	182
125	141
125	371
125	477
126	13
126	115
126	188
127	142
127	144
127	298
128	227
128	250
128	265
129	83
129	156
129	164
130	20
130	387
130	512
131	15
131	81
131	478
132	219
132	299
132	405
133	1
133	97
133	341
134	37
134	374
134	445
135	378
135	449
135	510
136	40
136	316
137	199
137	379
137	392
138	210
138	211
138	384
139	120
139	231
139	314
140	442
140	451
140	465
141	125
141	371
141	477
142	116
142	127
142	298
143	24
143	240
143	368
144	116
144	127
144	298
145	356
145	460
145	487
146	388
146	451
146	465
147	85
147	242
147	340
148	395
148	472
148	473
149	275
149	342
149	355
150	76
150	154
150	390
151	65
151	218
151	478
152	385
152	477
152	494
153	101
153	306
153	372
154	150
154	288
154	390
155	119
155	259
155	270
156	83
156	129
156	164
157	398
157	483
157	503
158	32
158	78
158	166
159	98
159	430
159	476
160	56
160	86
160	450
161	31
161	59
161	178
162	268
162	306
162	389
163	17
163	184
163	215
164	28
164	129
164	156
165	21
165	123
165	362
166	32
166	158
166	393
167	432
167	466
167	495
168	295
168	310
168	401
169	63
169	222
169	263
170	360
170	424
170	493
171	364
171	446
171	484
172	7
172	243
172	365
173	456
173	482
173	505
174	70
174	118
174	192
175	21
175	123
175	291
176	243
176	345
176	365
177	288
177	390
177	416
178	31
178	99
178	161
179	299
179	371
179	477
180	262
180	264
180	296
181	65
181	261
181	293
182	100
182	121
182	124
183	20
183	387
183	512
184	163
184	206
184	215
185	213
185	219
185	405
186	29
186	229
186	239
187	359
187	489
187	500
188	13
188	115
188	126
189	251
189	410
189	455
190	287
190	313
190	346
191	241
191	446
191	484
192	70
192	118
192	174
193	411
193	438
193	479
194	30
194	93
194	245
195	269
195	330
195	334
196	74
196	290
196	485
197	217
197	281
197	304
198	384
198	387
198	453
199	105
199	137
199	392
200	422
200	440
200	470
201	261
201	293
201	481
202	288
202	390
202	416
203	84
203	244
203	325
204	321
204	327
204	488
205	231
205	314
205	415
206	17
206	184
206	394
207	373
207	399
207	457
208	266
208	321
208	327
209	433
209	434
209	461
210	138
210	211
210	384
211	138
211	210
211	384
212	10
212	51
212	122
213	185
213	405
213	448
214	45
214	389
214	472
215	17
215	163
215	184
216	62
216	297
216	315
217	197
217	281
217	304
218	15
218	151
218	478
219	132
219	185
219	405
220	426
220	453
220	497
221	422
221	440
221	470
222	63
222	169
222	263
223	339
223	491
223	507
224	312
224	407
224	485
225	79
225	88
225	247
226	3
226	68
226	431
227	128
227	250
227	265
228	305
228	319
228	457
229	29
229	186
229	239
230	40
230	316
230	463
231	139
231	205
231	314
232	43
232	236
233	4
233	9
233	292
234	26
234	322
235	259
235	270
235	330
236	43
236	61
236	232
237	25
237	49
237	57
238	6
238	41
238	53
239	29
239	186
239	229
240	143
240	368
240	497
241	191
241	250
241	265
242	85
242	147
242	290
242	340
243	172
243	176
243	286
243	365
244	71
244	84
244	203
244	325
245	30
245	93
245	114
245	194
246	249
246	324
246	357
246	492
247	225
247	397
247	420
247	506
248	108
248	385
248	403
248	494
249	246
249	324
249	357
249	492
250	128
250	227
250	241
250	265
251	189
251	332
251	410
251	455
252	89
252	258
252	276
252	376
253	397
253	420
253	427
253	506
254	282
254	426
254	453
254	497
255	274
255	311
255	437
255	490
256	106
256	378
256	449
256	510
257	94
257	113
257	328
257	511
258	90
258	252
258	276
258	419
259	119
259	155
259	235
259	270
260	70
260	326
260	353
260	509
261	181
261	201
261	293
261	356
262	96
262	180
262	264
262	296
263	23
263	169
263	222
263	353
264	96
264	180
264	262
264	296
265	128
265	227
265	241
265	250
266	208
266	314
266	321
266	327
267	46
267	68
267	69
267	431
268	162
268	306
268	372
268	383
269	103
269	195
269	330
269	334
270	119
270	155
270	235
270	259
271	352
271	370
271	480
271	481
272	333
272	347
272	391
272	414
273	89
273	339
273	376
273	419
274	12
274	58
274	255
274	490
275	44
275	149
275	342
275	355
276	252
276	258
276	376
276	419
277	95
277	323
277	343
277	443
278	41
278	117
278	430
278	476
279	300
279	351
279	436
279	496
280	7
280	429
280	444
280	471
281	111
281	197
281	217
281	304
282	254
282	426
282	453
282	497
283	395
283	435
283	472
283	473
284	428
284	462
284	463
284	508
285	333
285	366
285	391
285	414
286	243
286	365
287	190
287	398
287	483
287	503
288	154
288	177
288	202
288	416
289	352
289	370
289	480
289	481
290	74
290	76
290	196
290	242
291	175
291	382
291	438
291	479
292	4
292	9
292	73
292	233
293	65
293	181
293	201
293	261
294	302
294	367
294	406
294	425
295	168
295	309
295	310
295	401
296	62
296	180
296	262
296	264
297	77
297	216
297	315
298	127
298	142
298	144
298	501
299	132
299	179
299	371
299	477
300	279
300	351
300	436
300	496
301	412
301	427
301	451
301	465
302	294
302	367
302	406
302	425
303	363
303	404
303	441
303	470
304	111
304	197
304	217
304	281
305	228
305	373
305	399
305	457
306	153
306	162
306	268
306	389
307	75
307	356
307	460
307	504
308	2
308	19
308	82
308	384
309	295
309	310
309	401
310	168
310	295
310	309
310	401
311	58
311	255
311	437
311	490
312	224
312	375
312	407
312	409
313	47
313	107
313	190
313	346
314	139
314	205
314	231
314	266
315	62
315	121
315	216
315	297
316	40
316	136
316	230
316	441
317	362
317	459
317	486
317	499
318	349
318	447
318	452
318	498
319	228
319	373
319	399
319	457
320	325
320	375
320	388
320	485
321	204
321	208
321	266
321	327
322	26
322	46
322	234
322	512
323	95
323	277
323	343
323	443
324	42
324	246
324	249
324	492
325	71
325	203
325	244
325	320
326	260
326	358
326	418
326	509
327	204
327	208
327	266
327	321
328	257
328	386
328	434
328	461
329	52
329	109
329	331
329	341
330	103
330	195
330	235
330	269
331	46
331	52
331	109
331	329
332	49
332	251
332	410
332	455
333	272
333	285
333	366
333	414
334	103
334	195
334	269
334	336
335	14
335	79
335	350
335	496
336	334
336	421
336	488
336	491
337	344
337	413
337	417
337	458
338	348
338	402
338	450
338	495
339	223
339	273
339	394
339	488
340	85
340	147
340	242
340	489
341	1
341	97
341	133
341	329
342	44
342	149
342	275
342	355
343	54
343	277
343	323
343	443
344	337
344	354
344	413
344	458
345	176
345	454
345	474
345	511
346	47
346	107
346	190
346	313
347	272
347	366
347	391
347	414
348	338
348	402
348	450
348	495
349	318
349	447
349	452
349	498
350	14
350	23
350	88
350	335
351	36
351	279
351	300
351	377
351	436
352	271
352	289
352	370
352	480
352	481
353	92
353	260
353	263
353	418
353	423
354	72
354	344
354	413
354	417
354	458
355	44
355	149
355	275
355	342
355	361
356	87
356	145
356	261
356	307
356	487
357	42
357	108
357	246
357	249
357	492
358	104
358	326
358	418
358	423
358	509
359	187
359	408
359	448
359	489
359	500
360	170
360	380
360	464
360	467
360	493
361	64
361	102
361	355
361	369
361	475
362	165
362	317
362	468
362	486
362	499
363	104
363	303
363	404
363	502
363	507
364	171
364	393
364	439
364	446
364	484
365	172
365	176
365	243
365	286
365	437
366	285
366	333
366	347
366	391
366	414
367	60
367	294
367	302
367	406
367	425
368	24
368	28
368	143
368	240
368	475
369	64
369	102
369	114
369	361
369	475
370	271
370	289
370	352
370	396
370	480
371	125
371	141
371	179
371	299
371	477
372	101
372	153
372	268
372	383
372	389
373	207
373	305
373	319
373	399
373	457
374	37
374	38
374	110
374	134
374	445
375	312
375	320
375	388
375	407
375	409
376	89
376	252
376	273
376	276
376	419
377	36
377	351
377	436
377	492
377	496
378	135
378	256
378	381
378	449
378	510
379	18
379	105
379	137
379	392
379	473
380	360
380	464
380	467
380	469
380	499
381	106
381	378
381	449
381	467
381	510
382	39
382	81
382	291
382	411
382	479
383	52
383	101
383	268
383	372
383	389
384	138
384	198
384	210
384	211
384	308
385	152
385	248
385	396
385	403
385	494
386	328
386	433
386	434
386	461
386	509
387	99
387	130
387	183
387	198
387	512
388	146
388	320
388	375
388	409
388	485
389	162
389	214
389	306
389	372
389	383
390	150
390	154
390	177
390	202
390	416
391	111
391	272
391	285
391	347
391	366
392	18
392	105
392	137
392	199
392	379
393	59
393	166
393	364
393	446
393	484
394	206
394	339
394	421
394	488
394	491
395	148
395	283
395	435
395	472
395	473
396	108
396	370
396	385
396	403
396	494
397	247
397	253
397	420
397	427
397	506
398	66
398	157
398	287
398	483
398	503
399	207
399	305
399	319
399	373
399	457
400	27
400	456
400	482
400	501
400	505
401	83
401	168
401	295
401	309
401	310
402	338
402	348
402	432
402	450
402	466
403	112
403	248
403	385
403	396
403	494
404	50
404	303
404	363
404	502
404	507
405	132
405	185
405	213
405	219
405	476
406	60
406	294
406	302
406	367
406	425
407	224
407	312
407	375
407	409
407	485
408	359
408	448
408	489
408	500
409	312
409	375
409	388
409	407
409	485
410	16
410	189
410	251
410	332
410	455
411	57
411	193
411	382
411	438
411	479
412	301
412	442
412	451
412	465
412	504
413	337
413	344
413	354
413	417
413	458
414	272
414	285
414	333
414	347
414	366
415	205
415	456
415	482
415	501
415	505
416	177
416	202
416	288
416	390
416	422
417	72
417	337
417	354
417	413
417	458
418	92
418	326
418	353
418	358
418	509
419	90
419	258
419	273
419	276
419	376
420	247
420	253
420	397
420	427
420	506
421	336
421	394
421	461
421	488
421	491
422	200
422	221
422	416
422	440
422	470
423	45
423	92
423	353
423	358
423	509
424	61
424	170
424	464
424	469
424	493
425	60
425	294
425	302
425	367
425	406
426	220
426	254
426	282
426	453
426	497
427	253
427	301
427	397
427	420
427	506
428	284
428	439
428	462
428	463
428	508
429	5
429	280
429	444
429	471
429	500
430	73
430	117
430	159
430	278
430	476
431	18
431	68
431	69
431	226
431	267
432	87
432	167
432	402
432	466
432	495
433	67
433	209
433	386
433	434
433	461
434	67
434	209
434	328
434	386
434	433
435	112
435	283
435	395
435	472
435	473
436	279
436	300
436	351
436	377
436	496
437	12
437	255
437	311
437	365
437	490
438	90
438	193
438	291
438	411
438	479
439	33
439	364
439	428
439	462
439	508
440	120
440	200
440	221
440	422
440	470
441	80
441	303
441	316
441	502
441	507
442	140
442	412
442	451
442	465
442	472
443	54
443	95
443	277
443	323
443	343
444	11
444	69
444	280
444	429
444	471
445	37
445	38
445	110
445	134
445	374
446	171
446	191
446	364
446	393
446	484
447	8
447	318
447	349
447	452
447	498
448	213
448	359
448	408
448	489
448	500
449	106
449	135
449	256
449	378
449	381
449	510
450	160
450	338
450	348
450	402
450	466
450	495
451	140
451	146
451	301
451	412
451	442
451	465
452	8
452	318
452	349
452	447
452	487
452	498
453	198
453	220
453	254
453	282
453	426
453	497
454	48
454	94
454	113
454	345
454	474
454	511
455	16
455	189
455	251
455	332
455	410
455	491
456	27
456	173
456	400
456	415
456	501
456	505
457	207
457	228
457	305
457	319
457	373
457	399
458	72
458	337
458	344
458	354
458	413
458	417
459	22
459	118
459	317
459	468
459	486
459	499
460	87
460	145
460	307
460	484
460	487
460	504
461	67
461	209
461	328
461	386
461	421
461	433
462	33
462	284
462	428
462	439
462	463
462	508
463	91
463	230
463	284
463	428
463	462
463	508
464	360
464	380
464	424
464	467
464	469
464	493
465	140
465	146
465	301
465	412
465	442
465	451
466	167
466	402
466	432
466	450
466	495
466	503
467	360
467	380
467	381
467	464
467	469
467	493
468	22
468	79
468	362
468	459
468	486
468	499
469	53
469	380
469	424
469	464
469	467
469	493
470	120
470	200
470	221
470	303
470	422
470	440
471	5
471	7
471	11
471	280
471	429
471	444
472	148
472	214
472	283
472	395
472	435
472	442
473	45
473	148
473	283
473	379
473	395
473	435
474	48
474	94
474	113
474	345
474	454
474	511
475	64
475	102
475	114
475	361
475	368
475	369
476	73
476	117
476	159
476	278
476	405
476	430
477	125
477	141
477	152
477	179
477	299
477	371
478	15
478	54
478	81
478	131
478	151
478	218
479	39
479	193
479	291
479	382
479	411
479	438
480	55
480	271
480	289
480	352
480	370
480	481
481	55
481	201
481	271
481	289
481	352
481	480
482	27
482	173
482	400
482	415
482	501
482	505
483	66
483	157
483	287
483	398
483	503
483	504
484	171
484	191
484	364
484	393
484	446
484	460
485	196
485	224
485	320
485	388
485	407
485	409
486	22
486	317
486	362
486	459
486	468
486	499
487	75
487	145
487	356
487	452
487	460
487	504
488	204
488	336
488	339
488	394
488	421
488	491
489	187
489	340
489	359
489	408
489	448
489	500
490	58
490	98
490	255
490	274
490	311
490	437
491	223
491	336
491	394
491	421
491	455
491	488
492	42
492	246
492	249
492	324
492	357
492	377
493	170
493	360
493	424
493	464
493	467
493	469
494	112
494	152
494	248
494	385
494	396
494	403
495	167
495	338
495	348
495	432
495	450
495	466
496	36
496	279
496	300
496	335
496	377
496	436
497	220
497	240
497	254
497	282
497	426
497	453
498	8
498	318
498	349
498	447
498	452
498	506
499	317
499	362
499	380
499	459
499	468
499	486
500	187
500	359
500	408
500	429
500	448
500	489
501	298
501	400
501	415
501	456
501	482
501	505
502	55
502	104
502	363
502	404
502	441
502	507
503	66
503	157
503	287
503	398
503	466
503	483
504	75
504	307
504	412
504	460
504	483
504	487
505	173
505	400
505	415
505	456
505	482
505	501
506	247
506	253
506	397
506	420
506	427
506	498
507	80
507	223
507	363
507	404
507	441
507	502
508	91
508	284
508	428
508	439
508	462
508	463
509	260
509	326
509	358
509	386
509	418
509	423
510	96
510	135
510	256
510	378
510	381
510	449
511	39
511	48
511	257
511	345
511	454
511	474
512	20
512	99
512	130
512	183
512	322
512	387
